0.221665020886
0.238578170846
0.257664424749
0.262331809147
0.269992525833
0.282353018654
0.29230062706
0.304175568366
0.322555479458
0.329952619618
0.343993578323
0.329824726381
0.354094890595
0.370149984189
0.365428678202
0.386381037916
0.383959812586
0.404191084203
0.407664558859
0.417184776597
0.425734459554
0.423774098315
0.425984942341
0.42843567206
0.451442087769
0.44556558683
0.453908156535
0.455955856288
0.463015082419
0.459157993605
0.465775294081
0.479026319331
0.48885603067
0.489903483268
0.498240255616
0.510857500357
0.510479789359
0.514240647479
0.509551027519
0.518182702551
0.524879969556
0.533244437413
0.536870781546
0.550589280083
0.551398472595
0.544383537609
0.554146017423
0.560273663471
0.559899486989
0.574534887868
0.583000119604
0.599253809095
0.591623360754
0.58742129864
0.595960530315
0.585343475116
0.598933278705
0.622824350436
0.607851228363
0.606192353464
0.60425448667
0.611913802214
0.613465615045
0.601246582037
0.623466728644
0.615256043204
0.600552161737
0.619477287195
0.624532005924
0.620469162844
0.632467642053
0.615042658322
0.626860137897
0.601659910566
0.630303464347
0.626944304801
0.626649889035
0.635656328291
0.62578851177
0.620208123041
0.617835650317
0.609194283124
0.624354128092
0.627746276962
0.632810883254
0.626973851308
0.637200791756
0.626101669972
0.631983744045
0.627333654893
0.632001262269
0.615322045996
0.62091308799
0.621500995322
0.647752600667
0.613460426957
0.645318948067
0.609300729844
0.618047833596
0.640193056984
0.645473888799
0.629937057722
0.616730450666
0.624437273681
0.612143391655
0.630301438863
0.63593843967
0.624333834726
0.650517711088
0.634598761431
0.628768189999
0.619125276104
0.635352721614
0.636696662517
0.632145788129
0.618560651887
0.629474630167
0.63017127981
0.639373266184
0.646525670693
0.652515152048
0.639376598861
0.634094165517
0.620499011558
0.644277353391
0.639387750183
0.635816435766
0.63043178574
0.621100537815
0.631177513184
0.639639258028
0.643033707436
0.647264183202
0.636332952281
0.643396083664
0.644943349417
0.652903417699
0.657546350498
0.661224033377
0.652163036339
0.631626456038
0.636433843433
0.635186148666
0.6514044116
0.646661268843
0.6572423263
0.648874009222
0.645554092186
0.651074730652
0.656520608524
0.657027459686
0.652419823391
0.654301525256
0.660746863019
0.658481156537
0.656100810017
0.659987208555
0.671223115044
0.657057968044
0.655034923581
0.652966378704
0.653247107764
0.657679748519
0.65786801801
0.651352858983
0.656419010471
0.646523411744
0.612363521078
0.617596451295
0.629993091801
0.630958469476
0.655691745549
0.652617727108
0.655017838176
0.658707245271
0.650049161357
0.653407108647
0.659295218735
0.661985635681
0.658658747189
0.655327389275
0.656440513757
0.648478919876
0.647167079081
0.648247660267