0.218833333333
0.242452380952
0.26480952381
0.264666666667
0.291214285714
0.301071428571
0.30569047619
0.323785714286
0.346642857143
0.349738095238
0.366761904762
0.3535
0.384428571429
0.395404761905
0.392619047619
0.402666666667
0.400452380952
0.411357142857
0.419761904762
0.432738095238
0.444404761905
0.438452380952
0.442571428571
0.447428571429
0.468928571429
0.472071428571
0.486547619048
0.476976190476
0.487095238095
0.481333333333
0.49030952381
0.497666666667
0.504928571429
0.508880952381
0.51830952381
0.527785714286
0.531619047619
0.524119047619
0.535571428571
0.532476190476
0.553071428571
0.556833333333
0.544119047619
0.56580952381
0.573523809524
0.558071428571
0.563095238095
0.588833333333
0.588380952381
0.596952380952
0.598261904762
0.6105
0.608714285714
0.601404761905
0.605452380952
0.612666666667
0.611857142857
0.608476190476
0.617857142857
0.629642857143
0.613285714286
0.626547619048
0.622666666667
0.6265
0.625523809524
0.6345
0.625523809524
0.636333333333
0.626833333333
0.627285714286
0.633571428571
0.634833333333
0.640785714286
0.623119047619
0.634666666667
0.634142857143
0.647357142857
0.640380952381
0.646619047619
0.630547619048
0.636261904762
0.626880952381
0.645357142857
0.636952380952
0.641357142857
0.635
0.645523809524
0.651071428571
0.645523809524
0.644952380952
0.648952380952
0.632380952381
0.630380952381
0.641357142857
0.64369047619
0.629523809524
0.638428571429
0.632261904762
0.638214285714
0.631785714286
0.648952380952
0.635857142857
0.63169047619
0.636714285714
0.638380952381
0.639238095238
0.642380952381
0.640428571429
0.637904761905
0.627952380952
0.627214285714
0.642619047619
0.632714285714
0.644785714286
0.635976190476
0.630142857143
0.635166666667
0.632428571429
0.650666666667
0.643571428571
0.636142857143
0.643357142857
0.65519047619
0.648666666667
0.653523809524
0.651357142857
0.653928571429
0.654666666667
0.649976190476
0.652952380952
0.654047619048
0.645047619048
0.652952380952
0.649857142857
0.650428571429
0.649285714286
0.654952380952
0.659119047619
0.655285714286
0.662333333333
0.649928571429
0.649357142857
0.656214285714
0.659238095238
0.644761904762
0.65030952381
0.650952380952
0.657071428571
0.651119047619
0.65769047619
0.643904761905
0.651571428571
0.652833333333
0.656261904762
0.659404761905
0.655
0.649738095238
0.65419047619
0.658833333333
0.662785714286
0.656547619048
0.663357142857
0.660261904762
0.668904761905
0.652952380952
0.647976190476
0.655928571429
0.642619047619
0.638785714286
0.652333333333
0.6425
0.660047619048
0.655238095238
0.656666666667
0.660785714286
0.660785714286
0.659357142857
0.6625
0.665357142857
0.659976190476
0.665357142857
0.660952380952
0.653071428571
0.661357142857
0.66519047619